,Pred_0,Pred_1
Actual_0,109280,88611
Actual_1,159,1950
